-119.360978 -206.129490 -555.970773
-119.360980 -206.130672 -555.676785
-119.360982 -206.131854 -555.382797
-119.360984 -206.133036 -555.088810
-119.360986 -206.134217 -554.794822
-119.360988 -206.135399 -554.500835
-119.360990 -206.136581 -554.206847
-119.360992 -206.137763 -553.912860
-119.360994 -206.138945 -553.618872
-119.360995 -206.140127 -553.324884
-119.360997 -206.141309 -553.030897
-119.360999 -206.142491 -552.736909
-119.361001 -206.143673 -552.442922
-119.361003 -206.144855 -552.148934
-119.361005 -206.146037 -551.854946
-119.361007 -206.147219 -551.560959
-119.361009 -206.148401 -551.266971
-119.361011 -206.149583 -550.972984
-119.361013 -206.150765 -550.678996
-119.361015 -206.151947 -550.385009
-119.361017 -206.153129 -550.091021
-119.361019 -206.154311 -549.797033
-119.361021 -206.155493 -549.503046
-119.361023 -206.156675 -549.209058
-119.361025 -206.157857 -548.915071
-119.361027 -206.159039 -548.621083
-119.361029 -206.160221 -548.327096
-119.361031 -206.161403 -548.033108
-119.361033 -206.162585 -547.739120
-119.361035 -206.163767 -547.445133
-119.361037 -206.164949 -547.151145
-119.361039 -206.166131 -546.857158
-119.361041 -206.167313 -546.563170
-119.361043 -206.168495 -546.269183
-119.361045 -206.169677 -545.975195
-119.361047 -206.170858 -545.681207
-119.361049 -206.172040 -545.387220
-119.361051 -206.173222 -545.093232
-119.361053 -206.174404 -544.799245
-119.361055 -206.175586 -544.505257
-119.361057 -206.176768 -544.211270
-119.361059 -206.177950 -543.917282
-119.361061 -206.179132 -543.623294
-119.361063 -206.180314 -543.329307
-119.361065 -206.181496 -543.035319
-119.361067 -206.182678 -542.741332
-119.361068 -206.183860 -542.447344
-119.361070 -206.185042 -542.153357
-119.361072 -206.186224 -541.859369
-119.361074 -206.187406 -541.565381
-119.361076 -206.188588 -541.271394
-119.361078 -206.189770 -540.977406
-119.361080 -206.190952 -540.683419
-119.361082 -206.192134 -540.389431
-119.361084 -206.193316 -540.095444
-119.361086 -206.194498 -539.801456
-119.361088 -206.195680 -539.507468
-119.361090 -206.196862 -539.213481
-119.361092 -206.198044 -538.919493
-119.361094 -206.199226 -538.625506
-119.361096 -206.200408 -538.331518
-119.361098 -206.201590 -538.037531
-119.361100 -206.202772 -537.743543
-119.361102 -206.203954 -537.449555
-119.361104 -206.205136 -537.155568
-119.361106 -206.206318 -536.861580
-119.361108 -206.207499 -536.567593
-119.361110 -206.208681 -536.273605
-119.361112 -206.209863 -535.979618
-119.361114 -206.211045 -535.685630
-119.361116 -206.212227 -535.391642
-119.361118 -206.213409 -535.097655
-119.361120 -206.214591 -534.803667
-119.361122 -206.215773 -534.509680
-119.361124 -206.216955 -534.215692
-119.361126 -206.218137 -533.921705
-119.361128 -206.219319 -533.627717
-119.361130 -206.220501 -533.333729
-119.361132 -206.221683 -533.039742
-119.361134 -206.222865 -532.745754
-119.361136 -206.224047 -532.451767
-119.361138 -206.225229 -532.157779
-119.361139 -206.226411 -531.863792
-119.361141 -206.227593 -531.569804
-119.361143 -206.228775 -531.275816
-119.361145 -206.229957 -530.981829
-119.361147 -206.231139 -530.687841
-119.361149 -206.232321 -530.393854
-119.361151 -206.233503 -530.099866
-119.361153 -206.234685 -529.805879
-119.361155 -206.235867 -529.511891
-119.361157 -206.237049 -529.217903
-119.361159 -206.238231 -528.923916
-119.361161 -206.239413 -528.629928
-119.361163 -206.240595 -528.335941
-119.361165 -206.241777 -528.041953
-119.361167 -206.242959 -527.747966
-119.361169 -206.244141 -527.453978
-119.361171 -206.245322 -527.159990
-119.361173 -206.246504 -526.866003
-119.361175 -206.247686 -526.572015
-119.361177 -206.248868 -526.278028
-119.361179 -206.250050 -525.984040
-119.361181 -206.251232 -525.690053
-119.361183 -206.252414 -525.396065
-119.361185 -206.253596 -525.102077
-119.361187 -206.254778 -524.808090
-119.361189 -206.255960 -524.514102
-119.361191 -206.257142 -524.220115
-119.361193 -206.258324 -523.926127
-119.361195 -206.259506 -523.632140
-119.361197 -206.260688 -523.338152
-119.361199 -206.261870 -523.044164
-119.361201 -206.263052 -522.750177
-119.361203 -206.264234 -522.456189
-119.361205 -206.265416 -522.162202
-119.361207 -206.266598 -521.868214
-119.361209 -206.267780 -521.574227
-119.361211 -206.268962 -521.280239
-119.361212 -206.270144 -520.986251
-119.361214 -206.271326 -520.692264
-119.361216 -206.272508 -520.398276
-119.361218 -206.273690 -520.104289
-119.361220 -206.274872 -519.810301
-119.361222 -206.276054 -519.516314
-119.361224 -206.277236 -519.222326
-119.361226 -206.278418 -518.928338
-119.361228 -206.279600 -518.634351
-119.361230 -206.280782 -518.340363
-119.361232 -206.281963 -518.046376
-119.361234 -206.283145 -517.752388
-119.361236 -206.284327 -517.458401
-119.361238 -206.285509 -517.164413
-119.361240 -206.286691 -516.870425
-119.361242 -206.287873 -516.576438
-119.361244 -206.289055 -516.282450
-119.361246 -206.290237 -515.988463
-119.361248 -206.291419 -515.694475
-119.361250 -206.292601 -515.400488
-119.361252 -206.293783 -515.106500
-119.361254 -206.294965 -514.812512
-119.361256 -206.296147 -514.518525
-119.361258 -206.297329 -514.224537
-119.361260 -206.298511 -513.930550
-119.361262 -206.299693 -513.636562
-119.361264 -206.300875 -513.342575
-119.361266 -206.302057 -513.048587
-119.361268 -206.303239 -512.754599
-119.361270 -206.304421 -512.460612
-119.361272 -206.305603 -512.166624
-119.361274 -206.306785 -511.872637
-119.361276 -206.307967 -511.578649
-119.361278 -206.309149 -511.284662
-119.361280 -206.310331 -510.990674
-119.361282 -206.311513 -510.696686
-119.361284 -206.312695 -510.402699
-119.361285 -206.313877 -510.108711
-119.361287 -206.315059 -509.814724
-119.361289 -206.316241 -509.520736
-119.361291 -206.317423 -509.226749
-119.361293 -206.318604 -508.932761
-119.361295 -206.319786 -508.638773
-119.361297 -206.320968 -508.344786
-119.361299 -206.322150 -508.050798
-119.361301 -206.323332 -507.756811
-119.361303 -206.324514 -507.462823
-119.361305 -206.325696 -507.168836
-119.361307 -206.326878 -506.874848
-119.361309 -206.328060 -506.580860
-119.361311 -206.329242 -506.286873
-119.361313 -206.330424 -505.992885
-119.361315 -206.331606 -505.698898
-119.361317 -206.332788 -505.404910
-119.361319 -206.333970 -505.110923
-119.361321 -206.335152 -504.816935
-119.361323 -206.336334 -504.522947
-119.361325 -206.337516 -504.228960
-119.361327 -206.338698 -503.934972
-119.361329 -206.339880 -503.640985
-119.361331 -206.341062 -503.346997
-119.361333 -206.342244 -503.053010
-119.361335 -206.343426 -502.759022
-119.361337 -206.344608 -502.465034
-119.361339 -206.345790 -502.171047
-119.361341 -206.346972 -501.877059
-119.361343 -206.348154 -501.583072
-119.361345 -206.349336 -501.289084
-119.361347 -206.350518 -500.995097
-119.361349 -206.351700 -500.701109
-119.361351 -206.352882 -500.407121
-119.361353 -206.354064 -500.113134
-119.361355 -206.355245 -499.819146
-119.361357 -206.356427 -499.525159
-119.361358 -206.357609 -499.231171
-119.361360 -206.358791 -498.937184
-119.361362 -206.359973 -498.643196
-119.361364 -206.361155 -498.349208
-119.361366 -206.362337 -498.055221
-119.361368 -206.363519 -497.761233
-119.361370 -206.364701 -497.467246
-119.361372 -206.365883 -497.173258
-119.361374 -206.367065 -496.879271
-119.361376 -206.368247 -496.585283
-119.361378 -206.369429 -496.291295
-119.361380 -206.370611 -495.997308
-119.361382 -206.371793 -495.703320
-119.361384 -206.372975 -495.409333
-119.361386 -206.374157 -495.115345
-119.361388 -206.375339 -494.821357
-119.361390 -206.376521 -494.527370
-119.361392 -206.377703 -494.233382
-119.361394 -206.378885 -493.939395
-119.361396 -206.380067 -493.645407
-119.361398 -206.381249 -493.351420
-119.361400 -206.382431 -493.057432
-119.361402 -206.383613 -492.763444
-119.361404 -206.384795 -492.469457
-119.361406 -206.385977 -492.175469
-119.361408 -206.387159 -491.881482
-119.361410 -206.388341 -491.587494
-119.361412 -206.389523 -491.293507
-119.361414 -206.390705 -490.999519
-119.361416 -206.391886 -490.705531
-119.361418 -206.393068 -490.411544
-119.361420 -206.394250 -490.117556
-119.361422 -206.395432 -489.823569
-119.361424 -206.396614 -489.529581
-119.361426 -206.397796 -489.235594
-119.361428 -206.398978 -488.941606
-119.361430 -206.400160 -488.647618
-119.361431 -206.401342 -488.353631
-119.361433 -206.402524 -488.059643
-119.361435 -206.403706 -487.765656
-119.361437 -206.404888 -487.471668
-119.361439 -206.406070 -487.177681
-119.361441 -206.407252 -486.883693
-119.361443 -206.408434 -486.589705
-119.361445 -206.409616 -486.295718
-119.361447 -206.410798 -486.001730
-119.361449 -206.411980 -485.707743
-119.361451 -206.413162 -485.413755
-119.361453 -206.414344 -485.119768
-119.361455 -206.415526 -484.825780
-119.361457 -206.416708 -484.531792
-119.361459 -206.417890 -484.237805
-119.361461 -206.419072 -483.943817
-119.361463 -206.420254 -483.649830
-119.361465 -206.421436 -483.355842
-119.361467 -206.422618 -483.061855
-119.361469 -206.423800 -482.767867
-119.361471 -206.424982 -482.473879
-119.361473 -206.426164 -482.179892
-119.361475 -206.427346 -481.885904
-119.361477 -206.428527 -481.591917
-119.361479 -206.429709 -481.297929
-119.361481 -206.430891 -481.003942
-119.361483 -206.432073 -480.709954
-119.361485 -206.433255 -480.415966
-119.361487 -206.434437 -480.121979
-119.361489 -206.435619 -479.827991
-119.361491 -206.436801 -479.534004
-119.361493 -206.437983 -479.240016
-119.361495 -206.439165 -478.946029
-119.361497 -206.440347 -478.652041
-119.361499 -206.441529 -478.358053
-119.361501 -206.442711 -478.064066
-119.361502 -206.443893 -477.770078
-119.361504 -206.445075 -477.476091
-119.361506 -206.446257 -477.182103
-119.361508 -206.447439 -476.888116
-119.361510 -206.448621 -476.594128
-119.361512 -206.449803 -476.300140
-119.361514 -206.450985 -476.006153
-119.361516 -206.452167 -475.712165
-119.361518 -206.453349 -475.418178
-119.361520 -206.454531 -475.124190
-119.361522 -206.455713 -474.830203
-119.361524 -206.456895 -474.536215
-119.361526 -206.458077 -474.242227
-119.361528 -206.459259 -473.948240
-119.361530 -206.460441 -473.654252
-119.361532 -206.461623 -473.360265
-119.361534 -206.462805 -473.066277
-119.361536 -206.463987 -472.772290
-119.361538 -206.465168 -472.478302
-119.361540 -206.466350 -472.184314
-119.361542 -206.467532 -471.890327
-119.361544 -206.468714 -471.596339
-119.361546 -206.469896 -471.302352
-119.361548 -206.471078 -471.008364
-119.361550 -206.472260 -470.714377
-119.361552 -206.473442 -470.420389
-119.361554 -206.474624 -470.126401
-119.361556 -206.475806 -469.832414
-119.361558 -206.476988 -469.538426
-119.361560 -206.478170 -469.244439
-119.361562 -206.479352 -468.950451
-119.361564 -206.480534 -468.656464
-119.361566 -206.481716 -468.362476
-119.361568 -206.482898 -468.068488
-119.361570 -206.484080 -467.774501
-119.361572 -206.485262 -467.480513
-119.361574 -206.486444 -467.186526
-119.361575 -206.487626 -466.892538
-119.361577 -206.488808 -466.598551
-119.361579 -206.489990 -466.304563
-119.361581 -206.491172 -466.010575
-119.361583 -206.492354 -465.716588
-119.361585 -206.493536 -465.422600
-119.361587 -206.494718 -465.128613
-119.361589 -206.495900 -464.834625
-119.361591 -206.497082 -464.540638
-119.361593 -206.498264 -464.246650
-119.361595 -206.499446 -463.952662
-119.361597 -206.500628 -463.658675
-119.361599 -206.501809 -463.364687
-119.361601 -206.502991 -463.070700
-119.361603 -206.504173 -462.776712
-119.361605 -206.505355 -462.482725
-119.361607 -206.506537 -462.188737
-119.361609 -206.507719 -461.894749
-119.361611 -206.508901 -461.600762
-119.361613 -206.510083 -461.306774
-119.361615 -206.511265 -461.012787
-119.361617 -206.512447 -460.718799
-119.361619 -206.513629 -460.424812
-119.361621 -206.514811 -460.130824
-119.361623 -206.515993 -459.836836
-119.361625 -206.517175 -459.542849
-119.361627 -206.518357 -459.248861
-119.361629 -206.519539 -458.954874
-119.361631 -206.520721 -458.660886
-119.361633 -206.521903 -458.366899
-119.361635 -206.523085 -458.072911
-119.361637 -206.524267 -457.778923
-119.361639 -206.525449 -457.484936
-119.361641 -206.526631 -457.190948
-119.361643 -206.527813 -456.896961
-119.361645 -206.528995 -456.602973
-119.361647 -206.530177 -456.308986
-119.361648 -206.531359 -456.014998
-119.361650 -206.532541 -455.721010
-119.361652 -206.533723 -455.427023
-119.361654 -206.534905 -455.133035
-119.361656 -206.536087 -454.839048
-119.361658 -206.537269 -454.545060
-119.361660 -206.538450 -454.251073
-119.361662 -206.539632 -453.957085
-119.361664 -206.540814 -453.663097
-119.361666 -206.541996 -453.369110
-119.361668 -206.543178 -453.075122
-119.361670 -206.544360 -452.781135
-119.361672 -206.545542 -452.487147
-119.361674 -206.546724 -452.193160
-119.361676 -206.547906 -451.899172
-119.361678 -206.549088 -451.605184
-119.361680 -206.550270 -451.311197
-119.361682 -206.551452 -451.017209
-119.361684 -206.552634 -450.723222
-119.361686 -206.553816 -450.429234
-119.361688 -206.554998 -450.135247
-119.361690 -206.556180 -449.841259
-119.361692 -206.557362 -449.547271
-119.361694 -206.558544 -449.253284
-119.361696 -206.559726 -448.959296
-119.361698 -206.560908 -448.665309
-119.361700 -206.562090 -448.371321
-119.361702 -206.563272 -448.077334
-119.361704 -206.564454 -447.783346
-119.361706 -206.565636 -447.489358
-119.361708 -206.566818 -447.195371
-119.361710 -206.568000 -446.901383
-119.361712 -206.569182 -446.607396
-119.361714 -206.570364 -446.313408
-119.361716 -206.571546 -446.019421
-119.361718 -206.572728 -445.725433
-119.361720 -206.573910 -445.431445
-119.361721 -206.575091 -445.137458
-119.361723 -206.576273 -444.843470
-119.361725 -206.577455 -444.549483
-119.361727 -206.578637 -444.255495
-119.361729 -206.579819 -443.961508
-119.361731 -206.581001 -443.667520
-119.361733 -206.582183 -443.373532
-119.361735 -206.583365 -443.079545
-119.361737 -206.584547 -442.785557
-119.361739 -206.585729 -442.491570
-119.361741 -206.586911 -442.197582
-119.361743 -206.588093 -441.903595
-119.361745 -206.589275 -441.609607
-119.361747 -206.590457 -441.315619
-119.361749 -206.591639 -441.021632
-119.361751 -206.592821 -440.727644
