0.3
0.3
0.3
0.3
0.3
0.3
0.3
0.3
0.3
0.3
0.3
0.3
9.9
9.9
9.9
9.9
9.9
9.9
9.9
9.9
9.9
9.9
9.9
9.9
19.7
19.7
19.7
19.7
19.7
19.7
19.7
19.7
19.7
19.7
-9.7
-9.7
-9.7
-9.7
-9.7
-9.7
-9.7
-9.7
-9.7
-20.0
-20.0
-20.0
-20.0
-20.0
-20.0
-20.0
-20.0
-20.0
-20.0
-20.0
-20.0
0.0
0.0
0.0
0.0
0.0
0.0
0.0
0.0
0.0
10.3
10.3
10.3
10.3
10.3
10.3
10.3
10.3
20.0
20.0
20.0
20.0
20.0
20.0
20.0
20.0
-9.7
-9.7
-9.7
-9.7
-9.7
-9.7
-9.7
-9.7
-19.9
-19.9
-19.9
-19.9
-19.9
-19.9
-19.9
-19.9
-19.9
0.4
0.4
0.4
0.4
0.4
0.4
0.4
0.4
0.4
0.4
0.4
0.4
9.9
9.9
9.9
9.9
9.9
9.9
9.9
9.9
9.9
19.5
19.5
19.5
19.5
19.5
19.5
19.5
19.5
19.5
-10.0
-10.0
-10.0
-10.0
-10.0
-10.0
-10.0
-10.0
-19.8
-19.8
-19.8
-19.8
-19.8
-19.8
-19.8
-19.8
-19.8
-19.8
0.4
0.4
0.4
0.4
0.4
0.4
0.4
0.4
0.4
0.4
0.4
0.4
0.4
0.4
0.4
0.4
9.9
9.9
9.9
9.9
9.9
9.9
9.9
9.9
9.9
9.9
19.7
19.7
19.7
19.7
19.7
19.7
19.7
19.7
-9.5
-9.5
-9.5
-9.5
-9.5
-9.5
-9.5
-9.5
-20.1
-20.1
-20.1
-20.1
-20.1
-20.1
-20.1
-20.1
-20.1
-20.1
-20.1
0.2
0.2
0.2
0.2
0.2
0.2
0.2
0.2
0.2
0.2
0.2
0.2
9.6
9.6
9.6
9.6
9.6
9.6
9.6
9.6
9.6
19.7
19.7
19.7
19.7
19.7
19.7
19.7
19.7
19.7
-10.3
-10.3
-10.3
-10.3
-10.3
-10.3
-10.3
-10.3
-19.8
-19.8
-19.8
-19.8
-19.8
-19.8
-19.8
-19.8
-19.8
-19.8
-19.8